1.800000 1978 50
0.940000 
0.948800 
0.954400 
0.963200 
0.952000 
0.957600 
0.956800 
0.952800 
0.964000 
0.954400 
0.966400 
0.955200 
0.943200 
0.943200 
0.948000 
0.954400 
0.941600 
0.928800 
0.944000 
0.947200 
0.939200 
0.940800 
0.933600 
0.941600 
0.952800 
0.944800 
0.936000 
0.947200 
0.954400 
0.956800 
0.961600 
0.952800 
0.956000 
0.952000 
0.948000 
0.960800 
0.951200 
0.957600 
0.953600 
0.964000 
0.963200 
0.952800 
0.951200 
0.959200 
0.956000 
0.960800 
0.962400 
0.962400 
0.959200 
0.956800 
0.952800 
0.967200 
0.968800 
0.958400 
0.956800 
0.959200 
0.964800 
0.952000 
0.959200 
0.952000 
0.961600 
0.962400 
0.954400 
0.958400 
0.965600 
0.965600 
0.943200 
0.945600 
0.944800 
0.959200 
0.964000 
0.956800 
0.953600 
0.956000 
0.948800 
0.954400 
0.942400 
0.952000 
0.956000 
0.952800 
0.964000 
0.963200 
0.965600 
0.949600 
0.954400 
0.952000 
0.947200 
0.960000 
0.957600 
0.957600 
0.963200 
0.964800 
0.962400 
0.958400 
0.965600 
0.965600 
0.970400 
0.959200 
0.947200 
0.937600 
0.946400 
0.945600 
0.955200 
0.949600 
0.951200 
0.953600 
0.960800 
0.956800 
0.957600 
0.963200 
0.960000 
0.952000 
0.956000 
0.961600 
0.957600 
0.957600 
0.952800 
0.959200 
0.957600 
0.959200 
0.968000 
0.956800 
0.956800 
0.967200 
0.972000 
0.966400 
0.948800 
0.950400 
0.936000 
0.947200 
0.958400 
0.964000 
0.976800 
0.966400 
0.960800 
0.956000 
0.953600 
0.956000 
0.964800 
0.958400 
0.967200 
0.951200 
0.944800 
0.960800 
0.954400 
0.960800 
0.968000 
0.966400 
0.958400 
0.960000 
0.957600 
0.959200 
0.952000 
0.949600 
0.962400 
0.975200 
0.964000 
0.948000 
0.948800 
0.961600 
0.964800 
0.964000 
0.957600 
0.956000 
0.960800 
0.952000 
0.953600 
0.957600 
0.946400 
0.948000 
0.957600 
0.959200 
0.953600 
0.961600 
0.960000 
0.967200 
0.964800 
0.964800 
0.960800 
0.960800 
0.951200 
0.943200 
0.956000 
0.964800 
0.960800 
0.954400 
0.968000 
0.964800 
0.957600 
0.953600 
0.955200 
0.939200 
0.952000 
0.967200 
0.960000 
0.964800 
0.953600 
0.959200 
0.948800 
0.947200 
0.944800 
0.954400 
0.938400 
0.936000 
0.943200 
0.931200 
0.936800 
0.934400 
0.940000 
0.934400 
0.925600 
0.938400 
0.950400 
0.944000 
0.955200 
0.961600 
0.968000 
0.964800 
0.953600 
0.960800 
0.952000 
0.957600 
0.947200 
0.955200 
0.960800 
0.961600 
0.956000 
0.956000 
0.956000 
0.940000 
0.952800 
0.967200 
0.967200 
0.973600 
0.970400 
0.953600 
0.954400 
0.959200 
0.952800 
0.956000 
0.961600 
0.963200 
0.957600 
0.955200 
0.966400 
0.971200 
0.968800 
0.964800 
0.953600 
0.946400 
0.946400 
0.954400 
0.945600 
0.954400 
0.956000 
0.958400 
0.964000 
0.955200 
0.960000 
0.972000 
0.971200 
0.965600 
0.964800 
0.968800 
0.957600 
0.951200 
0.952800 
0.948800 
0.960000 
0.961600 
0.952000 
0.956000 
0.956000 
0.960800 
0.956000 
0.949600 
0.950400 
0.956800 
0.961600 
0.964800 
0.963200 
0.957600 
0.948000 
0.956000 
0.953600 
0.944000 
0.944800 
0.938400 
0.934400 
0.936800 
0.932800 
0.945600 
0.952000 
0.952000 
0.944800 
0.959200 
0.955200 
0.953600 
0.951200 
0.956000 
0.960800 
0.962400 
0.957600 
0.956000 
0.952000 
0.943200 
0.952000 
0.960000 
0.964000 
0.956000 
0.953600 
0.961600 
0.957600 
0.959200 
0.960000 
0.963200 
0.968800 
0.964000 
0.962400 
0.958400 
0.965600 
0.969600 
0.964800 
0.970400 
0.972800 
0.963200 
0.969600 
0.954400 
0.957600 
0.960800 
0.946400 
0.955200 
0.967200 
0.966400 
0.965600 
0.960000 
0.951200 
0.955200 
0.952000 
0.966400 
0.964000 
0.954400 
0.966400 
0.956000 
0.955200 
0.960800 
0.964000 
0.968800 
0.974400 
0.980000 
0.975200 
0.964800 
0.972800 
0.975200 
0.972000 
0.968800 
0.969600 
0.965600 
0.964000 
0.956000 
0.964800 
0.957600 
0.971200 
0.960000 
0.965600 
0.964000 
0.960000 
0.967200 
0.960000 
0.959200 
0.964000 
0.959200 
0.967200 
0.970400 
0.961600 
0.954400 
0.941600 
0.944000 
0.958400 
0.956800 
0.963200 
0.955200 
0.967200 
0.953600 
0.956000 
0.951200 
0.961600 
0.964000 
0.966400 
0.976000 
0.964000 
0.970400 
0.965600 
0.968800 
0.970400 
0.975200 
0.968800 
0.967200 
0.962400 
0.970400 
0.966400 
0.961600 
0.956800 
0.961600 
0.968800 
0.968800 
0.974400 
0.953600 
0.957600 
0.960000 
0.952000 
0.948800 
0.952000 
0.948000 
0.944800 
0.948000 
0.944800 
0.952000 
0.948800 
0.951200 
0.961600 
0.957600 
0.955200 
0.949600 
0.958400 
0.952800 
0.960800 
0.965600 
0.965600 
0.962400 
0.970400 
0.966400 
0.971200 
0.967200 
0.973600 
0.960000 
0.959200 
0.958400 
0.964000 
0.960800 
0.960800 
0.947200 
0.951200 
0.956800 
0.956800 
0.953600 
0.960000 
0.956800 
0.958400 
0.939200 
0.944800 
0.940800 
0.946400 
0.948800 
0.958400 
0.960800 
0.950400 
0.954400 
0.956000 
0.950400 
0.944000 
0.934400 
0.943200 
0.930400 
0.952000 
0.964800 
0.951200 
0.954400 
0.963200 
0.957600 
0.959200 
0.953600 
0.953600 
0.946400 
0.958400 
0.973600 
0.965600 
0.968800 
0.964000 
0.960000 
0.968800 
0.967200 
0.973600 
0.964800 
0.962400 
0.960000 
0.960000 
0.957600 
0.966400 
0.964000 
0.964800 
0.962400 
0.963200 
0.956800 
0.951200 
0.951200 
0.957600 
0.968000 
0.969600 
0.960800 
0.964800 
0.952800 
0.966400 
0.965600 
0.980800 
0.973600 
0.967200 
0.958400 
0.950400 
0.964000 
0.956000 
0.959200 
0.955200 
0.954400 
0.953600 
0.946400 
0.948000 
0.955200 
0.952800 
0.956000 
0.961600 
0.964800 
0.964000 
0.959200 
0.964000 
0.952800 
0.948000 
0.949600 
0.964000 
0.959200 
0.961600 
0.964000 
0.950400 
0.946400 
0.948800 
0.952800 
0.960000 
0.952000 
0.952800 
0.948800 
0.950400 
0.953600 
0.954400 
0.957600 
0.960000 
0.963200 
0.963200 
0.960000 
0.954400 
0.961600 
0.964800 
0.961600 
0.955200 
0.949600 
0.960800 
0.957600 
0.964800 
0.968800 
0.958400 
0.961600 
0.949600 
0.959200 
0.951200 
0.953600 
0.956000 
0.952000 
0.950400 
0.952000 
0.960000 
0.968800 
0.961600 
0.958400 
0.955200 
0.960800 
0.965600 
0.962400 
0.961600 
0.968000 
0.960000 
0.955200 
0.959200 
0.961600 
0.952800 
0.960000 
0.960000 
0.959200 
0.959200 
0.953600 
0.950400 
0.949600 
0.958400 
0.968000 
0.977600 
0.972000 
0.968800 
0.963200 
0.966400 
0.964000 
0.963200 
0.960800 
0.955200 
0.972000 
0.968000 
0.960000 
0.948800 
0.954400 
0.968800 
0.961600 
0.965600 
0.960800 
0.964800 
0.964800 
0.961600 
0.960800 
0.962400 
0.971200 
0.965600 
0.971200 
0.971200 
0.960000 
0.958400 
0.960000 
0.969600 
0.960800 
0.966400 
0.964000 
0.956000 
0.948800 
0.956000 
0.958400 
0.940000 
0.945600 
0.946400 
0.948800 
0.956000 
0.942400 
0.944000 
0.948000 
0.955200 
0.951200 
0.962400 
0.965600 
0.964800 
0.958400 
0.965600 
0.949600 
0.960000 
0.968000 
0.963200 
0.976000 
0.958400 
0.948800 
0.957600 
0.948800 
0.957600 
0.950400 
0.947200 
0.957600 
0.955200 
0.956000 
0.957600 
0.963200 
0.967200 
0.967200 
0.968000 
0.959200 
0.957600 
0.952000 
0.955200 
0.958400 
0.962400 
0.962400 
0.945600 
0.956800 
0.953600 
0.951200 
0.947200 
0.949600 
0.947200 
0.940000 
0.960800 
0.951200 
0.953600 
0.965600 
0.955200 
0.960000 
0.967200 
0.960000 
0.965600 
0.947200 
0.948800 
0.950400 
0.946400 
0.948800 
0.956800 
0.964000 
0.960800 
0.972000 
0.977600 
0.969600 
0.957600 
0.961600 
0.962400 
0.965600 
0.964000 
0.958400 
0.960800 
0.964800 
0.959200 
0.949600 
0.964800 
0.956800 
0.945600 
0.944000 
0.961600 
0.945600 
0.956000 
0.940800 
0.939200 
0.960000 
0.950400 
0.948000 
0.955200 
0.957600 
0.964000 
0.968800 
0.965600 
0.960000 
0.950400 
0.956800 
0.947200 
0.944800 
0.939200 
0.944800 
0.956800 
0.963200 
0.955200 
0.951200 
0.962400 
0.964800 
0.962400 
0.957600 
0.954400 
0.952000 
0.954400 
0.947200 
0.947200 
0.946400 
0.956800 
0.951200 
0.952000 
0.948000 
0.952800 
0.955200 
0.959200 
0.957600 
0.956000 
0.944000 
0.940000 
0.943200 
0.932800 
0.933600 
0.940000 
0.935200 
0.950400 
0.947200 
0.966400 
0.959200 
0.954400 
0.956000 
0.956000 
0.955200 
0.963200 
0.960800 
0.959200 
0.966400 
0.965600 
0.960000 
0.959200 
0.952800 
0.952000 
0.951200 
0.952800 
0.959200 
0.964800 
0.957600 
0.961600 
0.952800 
0.961600 
0.950400 
0.972800 
0.955200 
0.964000 
0.964800 
0.960000 
0.960800 
0.957600 
0.952000 
0.947200 
0.944000 
0.946400 
0.956800 
0.960800 
0.936000 
0.918400 
0.917600 
0.931200 
0.920800 
0.925600 
0.923200 
0.939200 
0.940800 
0.944000 
0.949600 
0.954400 
0.956800 
0.953600 
0.947200 
0.955200 
0.963200 
0.956000 
0.954400 
0.958400 
0.960800 
0.956000 
0.960000 
0.961600 
0.966400 
0.960800 
0.961600 
0.957600 
0.948800 
0.940800 
0.931200 
0.931200 
0.934400 
0.932000 
0.927200 
0.947200 
0.963200 
0.963200 
0.969600 
0.960000 
0.955200 
0.947200 
0.940800 
0.964000 
0.951200 
0.956800 
0.951200 
0.956000 
0.956000 
0.953600 
0.949600 
0.958400 
0.956000 
0.968800 
0.955200 
0.952000 
0.962400 
0.965600 
0.962400 
0.956000 
0.954400 
0.956000 
0.956000 
0.952000 
0.964800 
0.968000 
0.968000 
0.959200 
0.958400 
0.959200 
0.957600 
0.953600 
0.957600 
0.954400 
0.953600 
0.966400 
0.968000 
0.958400 
0.956000 
0.972000 
0.966400 
0.949600 
0.964800 
0.957600 
0.969600 
0.960800 
0.970400 
0.978400 
0.958400 
0.953600 
0.944800 
0.949600 
0.954400 
0.941600 
0.936800 
0.936000 
0.953600 
0.944000 
0.950400 
0.947200 
0.941600 
0.947200 
0.948800 
0.946400 
0.946400 
0.951200 
0.957600 
0.955200 
0.956800 
0.957600 
0.968800 
0.962400 
0.953600 
0.962400 
0.948800 
0.952800 
0.958400 
0.968000 
0.958400 
0.955200 
0.955200 
0.936800 
0.959200 
0.950400 
0.960000 
0.958400 
0.963200 
0.959200 
0.962400 
0.960000 
0.966400 
0.965600 
0.956000 
0.947200 
0.948000 
0.956800 
0.970400 
0.966400 
0.958400 
0.945600 
0.950400 
0.943200 
0.952000 
0.943200 
0.951200 
0.960000 
0.957600 
0.963200 
0.963200 
0.962400 
0.968800 
0.975200 
0.962400 
0.966400 
0.968800 
0.967200 
0.951200 
0.951200 
0.959200 
0.957600 
0.964800 
0.958400 
0.966400 
0.964000 
0.965600 
0.958400 
0.972000 
0.961600 
0.957600 
0.962400 
0.960800 
0.957600 
0.942400 
0.953600 
0.957600 
0.954400 
0.964000 
0.966400 
0.962400 
0.952800 
0.951200 
0.942400 
0.945600 
0.952800 
0.957600 
0.952000 
0.959200 
0.962400 
0.960800 
0.967200 
0.956000 
0.946400 
0.960800 
0.949600 
0.962400 
0.964800 
0.966400 
0.959200 
0.950400 
0.956800 
0.950400 
0.953600 
0.954400 
0.964000 
0.956800 
0.968800 
0.959200 
0.960000 
0.960800 
0.967200 
0.955200 
0.960800 
0.960800 
0.965600 
0.963200 
0.965600 
0.956800 
0.960000 
0.959200 
0.960800 
0.949600 
0.957600 
0.960800 
0.952000 
0.950400 
0.957600 
0.952000 
0.958400 
0.964000 
0.956000 
0.947200 
0.958400 
0.970400 
0.963200 
0.956000 
0.956800 
0.953600 
0.948000 
0.952000 
0.948000 
0.959200 
0.965600 
0.962400 
0.950400 
0.957600 
0.965600 
0.972800 
0.968800 
0.951200 
0.952800 
0.959200 
0.954400 
0.960800 
0.960800 
0.952800 
0.954400 
0.961600 
0.963200 
0.965600 
0.952800 
0.954400 
0.950400 
0.952000 
0.952000 
0.950400 
0.943200 
0.959200 
0.957600 
0.945600 
0.949600 
0.942400 
0.940800 
0.958400 
0.963200 
0.959200 
0.954400 
0.952800 
0.957600 
0.964800 
0.968000 
0.964800 
0.964800 
0.959200 
0.958400 
0.946400 
0.952000 
0.953600 
0.970400 
0.960000 
0.965600 
0.952000 
0.945600 
0.946400 
0.945600 
0.955200 
0.963200 
0.964000 
0.973600 
0.963200 
0.952800 
0.957600 
0.960800 
0.952000 
0.957600 
0.963200 
0.954400 
0.954400 
0.948000 
0.960800 
0.963200 
0.960800 
0.957600 
0.958400 
0.952000 
0.956000 
0.946400 
0.946400 
0.952800 
0.957600 
0.957600 
0.956000 
0.962400 
0.969600 
0.963200 
0.960800 
0.956000 
0.954400 
0.964000 
0.967200 
0.961600 
0.959200 
0.953600 
0.940000 
0.946400 
0.955200 
0.959200 
0.956800 
0.954400 
0.952000 
0.963200 
0.964000 
0.958400 
0.957600 
0.952000 
0.961600 
0.965600 
0.968000 
0.968800 
0.969600 
0.968000 
0.959200 
0.964000 
0.963200 
0.959200 
0.954400 
0.958400 
0.955200 
0.943200 
0.959200 
0.955200 
0.944800 
0.952000 
0.954400 
0.948000 
0.935200 
0.947200 
0.948800 
0.955200 
0.952800 
0.957600 
0.963200 
0.964800 
0.969600 
0.969600 
0.969600 
0.967200 
0.964800 
0.968800 
0.967200 
0.976000 
0.965600 
0.960800 
0.961600 
0.968000 
0.971200 
0.967200 
0.953600 
0.951200 
0.962400 
0.956800 
0.960800 
0.964000 
0.969600 
0.964000 
0.957600 
0.961600 
0.958400 
0.967200 
0.959200 
0.956000 
0.952800 
0.950400 
0.942400 
0.944000 
0.934400 
0.948000 
0.948800 
0.950400 
0.954400 
0.956800 
0.973600 
0.959200 
0.960800 
0.964000 
0.970400 
0.962400 
0.969600 
0.964000 
0.968000 
0.960800 
0.969600 
0.968800 
0.963200 
0.960000 
0.957600 
0.956800 
0.959200 
0.962400 
0.952000 
0.954400 
0.961600 
0.963200 
0.966400 
0.959200 
0.955200 
0.960000 
0.964800 
0.955200 
0.964800 
0.960000 
0.964000 
0.968000 
0.966400 
0.972000 
0.959200 
0.954400 
0.959200 
0.952800 
0.956800 
0.957600 
0.958400 
0.950400 
0.962400 
0.964000 
0.952000 
0.953600 
0.945600 
0.962400 
0.968000 
0.964000 
0.964000 
0.955200 
0.958400 
0.953600 
0.956800 
0.957600 
0.963200 
0.956000 
0.962400 
0.957600 
0.959200 
0.963200 
0.958400 
0.968000 
0.968000 
0.966400 
0.966400 
0.958400 
0.940000 
0.938400 
0.948000 
0.951200 
0.959200 
0.955200 
0.960800 
0.957600 
0.956800 
0.953600 
0.952800 
0.951200 
0.944000 
0.962400 
0.964800 
0.967200 
0.963200 
0.960800 
0.956800 
0.957600 
0.960800 
0.967200 
0.967200 
0.968800 
0.965600 
0.960800 
0.962400 
0.964000 
0.971200 
0.967200 
0.956000 
0.944800 
0.953600 
0.948800 
0.950400 
0.944800 
0.943200 
0.942400 
0.947200 
0.950400 
0.954400 
0.954400 
0.960800 
0.964000 
0.957600 
0.956800 
0.962400 
0.951200 
0.949600 
0.947200 
0.945600 
0.949600 
0.951200 
0.948800 
0.945600 
0.949600 
0.960800 
0.962400 
0.960000 
0.954400 
0.964800 
0.969600 
0.973600 
0.967200 
0.957600 
0.968800 
0.961600 
0.960800 
0.951200 
0.963200 
0.961600 
0.958400 
0.966400 
0.960800 
0.951200 
0.958400 
0.953600 
0.941600 
0.938400 
0.945600 
0.948000 
0.951200 
0.959200 
0.966400 
0.963200 
0.962400 
0.952800 
0.949600 
0.956000 
0.957600 
0.960800 
0.956000 
0.949600 
0.964000 
0.969600 
0.960000 
0.955200 
0.965600 
0.968800 
0.963200 
0.946400 
0.945600 
0.940800 
0.947200 
0.950400 
0.959200 
0.964000 
0.966400 
0.962400 
0.948000 
0.956000 
0.942400 
0.951200 
0.948000 
0.950400 
0.953600 
0.951200 
0.956000 
0.964800 
0.971200 
0.970400 
0.965600 
0.968800 
0.956000 
0.956800 
0.964800 
0.961600 
0.964800 
0.955200 
0.951200 
0.951200 
0.960800 
0.966400 
0.957600 
0.964800 
0.957600 
0.953600 
0.965600 
0.964000 
0.961600 
0.964800 
0.954400 
0.964800 
0.961600 
0.962400 
0.963200 
0.959200 
0.962400 
0.962400 
0.956000 
0.958400 
0.956800 
0.948800 
0.944800 
0.935200 
0.951200 
0.960800 
0.968800 
0.960000 
0.961600 
0.960000 
0.964000 
0.959200 
0.974400 
0.984000 
0.972000 
0.961600 
0.964000 
0.963200 
0.964000 
0.964800 
0.960000 
0.965600 
0.954400 
0.949600 
0.956000 
0.960800 
0.963200 
0.961600 
0.960800 
0.960800 
0.951200 
0.952800 
0.952000 
0.960000 
0.956800 
0.965600 
0.960800 
0.958400 
0.955200 
0.949600 
0.952000 
0.940800 
0.950400 
0.945600 
0.945600 
0.956800 
0.945600 
0.943200 
0.951200 
0.941600 
0.959200 
0.956800 
0.952000 
0.948800 
0.940800 
0.951200 
0.946400 
0.952000 
0.946400 
0.936800 
0.942400 
0.955200 
0.948800 
0.948800 
0.937600 
0.948800 
0.956800 
0.947200 
0.947200 
0.954400 
0.955200 
0.948800 
0.958400 
0.963200 
0.968000 
0.952800 
0.960800 
0.963200 
0.964800 
0.952000 
0.969600 
0.963200 
0.960000 
0.952800 
0.952800 
0.959200 
0.955200 
0.963200 
0.960800 
0.960000 
0.960800 
0.949600 
0.938400 
0.944800 
0.947200 
0.948000 
0.936800 
0.939200 
0.940800 
0.940000 
0.946400 
0.944800 
0.940800 
0.942400 
0.929600 
0.935200 
0.941600 
0.936800 
0.923200 
0.940800 
0.959200 
0.955200 
0.956000 
0.960800 
0.962400 
0.962400 
0.962400 
0.960000 
0.956800 
0.957600 
0.958400 
0.960000 
0.956800 
0.949600 
0.944800 
0.951200 
0.956000 
0.964800 
0.964800 
0.956800 
0.959200 
0.963200 
0.954400 
0.956800 
0.949600 
0.968800 
0.972800 
0.961600 
0.964800 
0.958400 
0.964000 
0.960000 
0.952800 
0.964000 
0.969600 
0.966400 
0.952000 
0.948000 
0.957600 
0.961600 
0.966400 
0.964800 
0.955200 
0.952800 
0.944000 
0.953600 
0.967200 
0.962400 
0.968000 
0.966400 
0.968000 
0.961600 
0.958400 
0.959200 
0.958400 
0.960000 
0.964000 
0.953600 
0.955200 
0.956000 
0.953600 
0.954400 
0.951200 
0.952000 
0.958400 
0.948000 
0.952800 
0.946400 
0.951200 
0.948000 
0.954400 
0.956800 
0.956000 
0.956000 
0.948000 
0.944800 
0.950400 
0.956800 
0.952000 
0.936800 
0.961600 
0.952000 
0.962400 
0.954400 
0.956000 
0.954400 
0.954400 
0.947200 
0.948000 
0.952800 
0.964000 
0.960000 
0.962400 
0.961600 
0.961600 
0.960800 
0.957600 
0.960800 
0.968800 
0.972800 
0.956000 
0.948800 
0.950400 
0.961600 
0.956000 
0.957600 
0.958400 
0.949600 
0.954400 
0.968800 
0.969600 
0.971200 
0.972000 
0.961600 
0.962400 
0.974400 
0.976800 
0.979200 
0.976000 
0.973600 
0.971200 
0.971200 
0.966400 
0.969600 
0.972000 
0.967200 
0.956000 
0.949600 
0.957600 
0.954400 
0.953600 
0.942400 
0.931200 
0.948800 
0.948000 
0.947200 
0.948000 
0.955200 
0.961600 
0.960000 
0.959200 
0.960800 
0.959200 
0.964800 
0.961600 
0.971200 
0.968000 
0.961600 
0.969600 
0.973600 
0.969600 
0.977600 
0.964800 
0.968000 
0.970400 
0.957600 
0.941600 
0.956000 
0.961600 
0.956000 
0.948800 
0.950400 
0.947200 
0.945600 
0.944800 
0.945600 
0.944000 
0.956000 
0.951200 
0.949600 
0.957600 
0.964800 
0.965600 
0.961600 
0.966400 
0.956800 
0.956800 
0.961600 
0.972000 
0.967200 
0.960000 
0.952800 
0.970400 
0.956800 
0.954400 
0.961600 
0.968000 
0.955200 
0.945600 
0.941600 
0.937600 
0.941600 
0.944800 
0.948800 
0.956800 
0.954400 
0.956000 
0.961600 
0.976000 
0.964800 
0.962400 
0.959200 
0.954400 
0.962400 
0.960800 
0.968800 
0.973600 
0.965600 
0.966400 
0.962400 
0.944800 
0.946400 
0.944800 
0.958400 
0.964000 
0.970400 
0.980000 
0.968000 
0.970400 
0.968800 
0.972800 
0.958400 
0.958400 
0.965600 
0.964800 
0.962400 
0.967200 
0.965600 
0.940800 
0.954400 
0.959200 
0.952800 
0.957600 
0.973600 
0.967200 
0.968000 
0.966400 
0.945600 
0.954400 
0.962400 
0.961600 
0.952000 
0.957600 
0.954400 
0.949600 
0.948000 
0.951200 
0.952800 
0.956800 
0.956800 
0.940000 
0.937600 
0.939200 
0.944000 
0.944800 
0.948800 
0.944000 
0.950400 
0.951200 
0.950400 
0.945600 
0.952000 
0.956000 
0.950400 
0.941600 
0.952000 
0.948000 
0.939200 
0.932800 
0.944800 
0.937600 
0.940800 
0.937600 
0.945600 
0.957600 
0.957600 
0.964800 
0.960000 
0.964000 
0.968800 
0.951200 
0.944800 
0.952800 
0.959200 
0.951200 
0.958400 
0.960000 
0.964000 
0.964000 
0.959200 
0.948800 
0.942400 
0.936000 
0.941600 
0.955200 
0.964000 
0.965600 
0.952800 
0.947200 
0.956000 
0.964000 
0.963200 
0.961600 
0.956800 
0.950400 
0.943200 
0.962400 
0.964000 
0.967200 
0.960800 
0.952000 
0.956000 
0.951200 
0.949600 
0.953600 
0.951200 
0.954400 
0.959200 
0.962400 
0.959200 
0.963200 
0.965600 
0.971200 
0.961600 
0.956800 
0.956800 
0.961600 
0.965600 
0.964000 
0.964800 
0.952000 
0.953600 
0.953600 
0.960800 
0.949600 
0.960800 
0.944000 
0.948800 
0.950400 
0.964000 
0.950400 
0.962400 
0.966400 
0.973600 
0.977600 
0.966400 
0.975200 
0.977600 
0.965600 
0.960800 
0.948800 
0.936000 
0.944000 
0.960800 
0.952000 
0.956800 
0.960000 
0.960800 
0.964000 
0.960000 
0.962400 
0.960000 
0.963200 
0.957600 
0.955200 
0.955200 
0.961600 
0.954400 
0.933600 
0.946400 
0.956800 
0.951200 
0.959200 
0.954400 
0.940000 
0.954400 
0.959200 
0.955200 
0.959200 
0.962400 
0.965600 
0.968800 
0.964000 
0.968800 
0.964800 
0.958400 
0.960000 
0.963200 
0.952000 
0.963200 
0.953600 
0.962400 
0.960000 
0.950400 
0.951200 
0.948000 
0.959200 
0.960800 
0.960000 
0.956800 
0.962400 
0.962400 
0.964000 
0.953600 
0.953600 
0.958400 
0.955200 
0.960800 
0.971200 
0.971200 
0.967200 
0.962400 
0.959200 
0.941600 
0.948000 
0.956000 
0.953600 
0.956000 
0.958400 
0.952000 
0.938400 
0.946400 
0.934400 
0.948800 
0.962400 
0.943200 
0.940000 
0.944800 
0.951200 
0.950400 
0.953600 
0.956000 
0.958400 
0.953600 
0.960800 
0.970400 
