1.600000 1351 50
0.980800 
0.980800 
0.978400 
0.982400 
0.985600 
0.979200 
0.976000 
0.972800 
0.977600 
0.988800 
0.978400 
0.984800 
0.984000 
0.980000 
0.980000 
0.978400 
0.973600 
0.972800 
0.974400 
0.976800 
0.982400 
0.982400 
0.987200 
0.985600 
0.979200 
0.981600 
0.983200 
0.986400 
0.974400 
0.978400 
0.980800 
0.981600 
0.985600 
0.978400 
0.984800 
0.982400 
0.984000 
0.988800 
0.987200 
0.983200 
0.980000 
0.979200 
0.972800 
0.974400 
0.980000 
0.980800 
0.977600 
0.974400 
0.975200 
0.981600 
0.986400 
0.976000 
0.976800 
0.980800 
0.983200 
0.980000 
0.980000 
0.975200 
0.969600 
0.982400 
0.980000 
0.984000 
0.980000 
0.980800 
0.977600 
0.968800 
0.971200 
0.978400 
0.974400 
0.980000 
0.983200 
0.975200 
0.970400 
0.978400 
0.983200 
0.973600 
0.979200 
0.986400 
0.980800 
0.976800 
0.984000 
0.979200 
0.967200 
0.975200 
0.968000 
0.975200 
0.978400 
0.975200 
0.975200 
0.985600 
0.983200 
0.979200 
0.982400 
0.978400 
0.982400 
0.973600 
0.976800 
0.971200 
0.975200 
0.972000 
0.972000 
0.982400 
0.985600 
0.989600 
0.988800 
0.982400 
0.977600 
0.977600 
0.985600 
0.984800 
0.973600 
0.986400 
0.980800 
0.982400 
0.980000 
0.979200 
0.980000 
0.985600 
0.982400 
0.981600 
0.977600 
0.984000 
0.980800 
0.981600 
0.976800 
0.980000 
0.976800 
0.984000 
0.984000 
0.978400 
0.975200 
0.977600 
0.976800 
0.986400 
0.987200 
0.989600 
0.991200 
0.988000 
0.982400 
0.984800 
0.988800 
0.991200 
0.977600 
0.978400 
0.973600 
0.983200 
0.980000 
0.983200 
0.987200 
0.983200 
0.986400 
0.980800 
0.984000 
0.980800 
0.976000 
0.974400 
0.980800 
0.972000 
0.977600 
0.977600 
0.983200 
0.980800 
0.980800 
0.983200 
0.980000 
0.980800 
0.980800 
0.979200 
0.976000 
0.976000 
0.980800 
0.986400 
0.985600 
0.988000 
0.977600 
0.986400 
0.982400 
0.985600 
0.972800 
0.979200 
0.988000 
0.982400 
0.980000 
0.982400 
0.974400 
0.970400 
0.969600 
0.973600 
0.975200 
0.980800 
0.985600 
0.976800 
0.978400 
0.982400 
0.973600 
0.976000 
0.980000 
0.975200 
0.973600 
0.984800 
0.983200 
0.971200 
0.972800 
0.980000 
0.980000 
0.985600 
0.984800 
0.986400 
0.985600 
0.976800 
0.980000 
0.983200 
0.983200 
0.975200 
0.977600 
0.964800 
0.968800 
0.979200 
0.976000 
0.981600 
0.984800 
0.984800 
0.987200 
0.984000 
0.985600 
0.986400 
0.980800 
0.976800 
0.973600 
0.975200 
0.980000 
0.977600 
0.974400 
0.983200 
0.984000 
0.980000 
0.980800 
0.983200 
0.973600 
0.980800 
0.976000 
0.981600 
0.984800 
0.982400 
0.984000 
0.988000 
0.987200 
0.986400 
0.984800 
0.973600 
0.972800 
0.972800 
0.976000 
0.974400 
0.973600 
0.978400 
0.980000 
0.982400 
0.976800 
0.967200 
0.972000 
0.974400 
0.983200 
0.989600 
0.984000 
0.983200 
0.988800 
0.984800 
0.971200 
0.983200 
0.977600 
0.984000 
0.980000 
0.984800 
0.984000 
0.990400 
0.980000 
0.983200 
0.980000 
0.982400 
0.984000 
0.974400 
0.979200 
0.981600 
0.981600 
0.987200 
0.987200 
0.984800 
0.980000 
0.980800 
0.978400 
0.983200 
0.984000 
0.981600 
0.980800 
0.982400 
0.982400 
0.981600 
0.983200 
0.971200 
0.976000 
0.976800 
0.980000 
0.976000 
0.972000 
0.979200 
0.985600 
0.987200 
0.977600 
0.979200 
0.980800 
0.980800 
0.980800 
0.988000 
0.978400 
0.979200 
0.977600 
0.978400 
0.976800 
0.970400 
0.977600 
0.979200 
0.986400 
0.982400 
0.979200 
0.981600 
0.985600 
0.984000 
0.980000 
0.977600 
0.977600 
0.977600 
0.986400 
0.985600 
0.980800 
0.973600 
0.976800 
0.979200 
0.969600 
0.976000 
0.976800 
0.976800 
0.976800 
0.978400 
0.978400 
0.972800 
0.965600 
0.975200 
0.973600 
0.972800 
0.978400 
0.974400 
0.982400 
0.976000 
0.985600 
0.981600 
0.979200 
0.983200 
0.984800 
0.979200 
0.976000 
0.976800 
0.972000 
0.975200 
0.971200 
0.979200 
0.980800 
0.984000 
0.972800 
0.979200 
0.981600 
0.984800 
0.982400 
0.979200 
0.980000 
0.984800 
0.984000 
0.979200 
0.982400 
0.983200 
0.980800 
0.983200 
0.977600 
0.980800 
0.986400 
0.985600 
0.982400 
0.980000 
0.976800 
0.986400 
0.981600 
0.980800 
0.985600 
0.988000 
0.989600 
0.983200 
0.980000 
0.972800 
0.970400 
0.976800 
0.984000 
0.984800 
0.984000 
0.982400 
0.981600 
0.980000 
0.982400 
0.977600 
0.980800 
0.984000 
0.980800 
0.980800 
0.980000 
0.980000 
0.976000 
0.978400 
0.974400 
0.980800 
0.976000 
0.974400 
0.982400 
0.984800 
0.982400 
0.981600 
0.983200 
0.980800 
0.977600 
0.975200 
0.976800 
0.972800 
0.974400 
0.984800 
0.984000 
0.985600 
0.984800 
0.986400 
0.983200 
0.980800 
0.978400 
0.980000 
0.976800 
0.972000 
0.967200 
0.972800 
0.976800 
0.979200 
0.983200 
0.984800 
0.979200 
0.984000 
0.988800 
0.993600 
0.987200 
0.979200 
0.981600 
0.980800 
0.973600 
0.960000 
0.960000 
0.971200 
0.979200 
0.991200 
0.985600 
0.984000 
0.981600 
0.985600 
0.984800 
0.979200 
0.979200 
0.984000 
0.983200 
0.979200 
0.976000 
0.981600 
0.970400 
0.982400 
0.983200 
0.981600 
0.981600 
0.984000 
0.987200 
0.978400 
0.972800 
0.968000 
0.966400 
0.973600 
0.978400 
0.972800 
0.972000 
0.968000 
0.978400 
0.982400 
0.976000 
0.977600 
0.972800 
0.976000 
0.971200 
0.979200 
0.973600 
0.970400 
0.967200 
0.977600 
0.981600 
0.981600 
0.980000 
0.975200 
0.983200 
0.983200 
0.975200 
0.973600 
0.976800 
0.973600 
0.970400 
0.965600 
0.972800 
0.968800 
0.977600 
0.977600 
0.984800 
0.990400 
0.987200 
0.982400 
0.974400 
0.981600 
0.976000 
0.976800 
0.977600 
0.973600 
0.976800 
0.980000 
0.976000 
0.975200 
0.977600 
0.972000 
0.970400 
0.980000 
0.984000 
0.987200 
0.985600 
0.978400 
0.979200 
0.977600 
0.976000 
0.981600 
0.981600 
0.980000 
0.988800 
0.984000 
0.984000 
0.982400 
0.982400 
0.977600 
0.971200 
0.974400 
0.984800 
0.985600 
0.983200 
0.981600 
0.977600 
0.981600 
0.976000 
0.981600 
0.976000 
0.972800 
0.968000 
0.972000 
0.980000 
0.981600 
0.983200 
0.984800 
0.989600 
0.978400 
0.983200 
0.984800 
0.979200 
0.978400 
0.979200 
0.979200 
0.974400 
0.971200 
0.976000 
0.976800 
0.970400 
0.974400 
0.979200 
0.983200 
0.986400 
0.984000 
0.980000 
0.976000 
0.967200 
0.976000 
0.985600 
0.983200 
0.978400 
0.978400 
0.976000 
0.973600 
0.984000 
0.981600 
0.976000 
0.986400 
0.979200 
0.979200 
0.977600 
0.981600 
0.986400 
0.984000 
0.985600 
0.988800 
0.988000 
0.982400 
0.985600 
0.976800 
0.979200 
0.966400 
0.974400 
0.971200 
0.978400 
0.984000 
0.987200 
0.990400 
0.985600 
0.981600 
0.983200 
0.978400 
0.969600 
0.970400 
0.969600 
0.981600 
0.983200 
0.988800 
0.975200 
0.972800 
0.979200 
0.979200 
0.978400 
0.980800 
0.979200 
0.976000 
0.983200 
0.976800 
0.979200 
0.987200 
0.984800 
0.981600 
0.980800 
0.977600 
0.985600 
0.982400 
0.979200 
0.981600 
0.981600 
0.987200 
0.982400 
0.982400 
0.980000 
0.976800 
0.975200 
0.978400 
0.978400 
0.974400 
0.976800 
0.975200 
0.974400 
0.980000 
0.976000 
0.980800 
0.973600 
0.980000 
0.979200 
0.977600 
0.981600 
0.978400 
0.981600 
0.980800 
0.975200 
0.981600 
0.973600 
0.977600 
0.977600 
0.980000 
0.977600 
0.975200 
0.976000 
0.984800 
0.987200 
0.978400 
0.979200 
0.973600 
0.980000 
0.983200 
0.978400 
0.987200 
0.986400 
0.988000 
0.992000 
0.981600 
0.977600 
0.979200 
0.979200 
0.971200 
0.976000 
0.973600 
0.983200 
0.985600 
0.982400 
0.978400 
0.980800 
0.984800 
0.979200 
0.981600 
0.984000 
0.979200 
0.966400 
0.976800 
0.971200 
0.972800 
0.980000 
0.979200 
0.973600 
0.976800 
0.976800 
0.972800 
0.976000 
0.976800 
0.980000 
0.979200 
0.984000 
0.984800 
0.986400 
0.984800 
0.988000 
0.983200 
0.972800 
0.977600 
0.979200 
0.972000 
0.984800 
0.984000 
0.973600 
0.977600 
0.976800 
0.968800 
0.979200 
0.980800 
0.979200 
0.975200 
0.961600 
0.959200 
0.967200 
0.972800 
0.979200 
0.976800 
0.972000 
0.977600 
0.985600 
0.981600 
0.984000 
0.982400 
0.980800 
0.981600 
0.985600 
0.984800 
0.972000 
0.979200 
0.972800 
0.967200 
0.970400 
0.976000 
0.984000 
0.978400 
0.972000 
0.971200 
0.975200 
0.977600 
0.975200 
0.976000 
0.973600 
0.976800 
0.980800 
0.975200 
0.981600 
0.978400 
0.980000 
0.984800 
0.978400 
0.976000 
0.977600 
0.980800 
0.976000 
0.979200 
0.977600 
0.978400 
0.982400 
0.984000 
0.977600 
0.980000 
0.984000 
0.978400 
0.981600 
0.980000 
0.981600 
0.976800 
0.983200 
0.983200 
0.981600 
0.983200 
0.980800 
0.984800 
0.984800 
0.984000 
0.974400 
0.976800 
0.978400 
0.975200 
0.982400 
0.980800 
0.972800 
0.980000 
0.978400 
0.981600 
0.979200 
0.984800 
0.985600 
0.987200 
0.980800 
0.981600 
0.984000 
0.980800 
0.975200 
0.968000 
0.968000 
0.968000 
0.973600 
0.976000 
0.980800 
0.977600 
0.968000 
0.976000 
0.975200 
0.976000 
0.973600 
0.973600 
0.980800 
0.975200 
0.965600 
0.970400 
0.972000 
0.968800 
0.964800 
0.974400 
0.972800 
0.976800 
0.971200 
0.982400 
0.987200 
0.981600 
0.983200 
0.984000 
0.987200 
0.991200 
0.981600 
0.977600 
0.974400 
0.976800 
0.976800 
0.981600 
0.982400 
0.980000 
0.979200 
0.981600 
0.980000 
0.984000 
0.980800 
0.974400 
0.974400 
0.984000 
0.981600 
0.984000 
0.982400 
0.991200 
0.988000 
0.986400 
0.985600 
0.984000 
0.988800 
0.983200 
0.980000 
0.978400 
0.979200 
0.982400 
0.976800 
0.976000 
0.970400 
0.964000 
0.974400 
0.977600 
0.970400 
0.963200 
0.960800 
0.969600 
0.968000 
0.972800 
0.976800 
0.980800 
0.983200 
0.986400 
0.981600 
0.976000 
0.976800 
0.968000 
0.972000 
0.976800 
0.978400 
0.980000 
0.978400 
0.978400 
0.978400 
0.980000 
0.979200 
0.975200 
0.975200 
0.975200 
0.972000 
0.982400 
0.977600 
0.977600 
0.976000 
0.981600 
0.978400 
0.983200 
0.980800 
0.978400 
0.973600 
0.968000 
0.976800 
0.980000 
0.977600 
0.978400 
0.972000 
0.975200 
0.978400 
0.981600 
0.982400 
0.978400 
0.984000 
0.973600 
0.972800 
0.972800 
0.985600 
0.982400 
0.986400 
0.982400 
0.988800 
0.987200 
0.985600 
0.986400 
0.988800 
0.988000 
0.990400 
0.984000 
0.976000 
0.976800 
0.978400 
0.972800 
0.963200 
0.960000 
0.973600 
0.962400 
0.976800 
0.977600 
0.982400 
0.986400 
0.981600 
0.983200 
0.979200 
0.975200 
0.984800 
0.983200 
0.977600 
0.976800 
0.969600 
0.952000 
0.964000 
0.969600 
0.972000 
0.982400 
0.981600 
0.980000 
0.988800 
0.980000 
0.982400 
0.989600 
0.984000 
0.983200 
0.982400 
0.984800 
0.982400 
0.984800 
0.979200 
0.988000 
0.987200 
0.988000 
0.982400 
0.980000 
0.977600 
0.977600 
0.981600 
0.984800 
0.979200 
0.978400 
0.986400 
0.992000 
0.984000 
0.980800 
0.985600 
0.987200 
0.981600 
0.989600 
0.988000 
0.987200 
0.982400 
0.984800 
0.978400 
0.978400 
0.980000 
0.972800 
0.981600 
0.971200 
0.967200 
0.979200 
0.983200 
0.974400 
0.963200 
0.976000 
0.978400 
0.978400 
0.982400 
0.983200 
0.986400 
0.975200 
0.983200 
0.985600 
0.984800 
0.981600 
0.985600 
0.980800 
0.975200 
0.977600 
0.980000 
0.978400 
0.968000 
0.976800 
0.983200 
0.982400 
0.971200 
0.975200 
0.977600 
0.978400 
0.973600 
0.976800 
0.985600 
0.979200 
0.980800 
0.973600 
0.976000 
0.984800 
0.983200 
0.976800 
0.978400 
0.978400 
0.985600 
0.985600 
0.983200 
0.981600 
0.980000 
0.975200 
0.964800 
0.974400 
0.984800 
0.984800 
0.980800 
0.980800 
0.977600 
0.973600 
0.980800 
0.979200 
0.978400 
0.977600 
0.987200 
0.984800 
0.987200 
0.984000 
0.984800 
0.984000 
0.984800 
0.984800 
0.982400 
0.979200 
0.976800 
0.973600 
0.978400 
0.981600 
0.975200 
0.972800 
0.978400 
0.979200 
0.980000 
0.984800 
0.988800 
0.987200 
0.982400 
0.988000 
0.984800 
0.986400 
0.991200 
0.988000 
0.988000 
0.992000 
0.990400 
0.985600 
0.979200 
0.984800 
0.988800 
0.984000 
0.980000 
0.981600 
0.988800 
0.983200 
0.983200 
0.984800 
0.978400 
0.984800 
0.980800 
0.978400 
0.989600 
0.984000 
0.989600 
0.984000 
0.985600 
0.985600 
0.985600 
0.984000 
0.979200 
0.978400 
0.981600 
0.978400 
0.984800 
0.982400 
0.982400 
0.980000 
0.979200 
0.978400 
0.982400 
0.979200 
0.983200 
0.980800 
0.980000 
0.974400 
0.982400 
0.980800 
0.970400 
0.970400 
0.976800 
0.977600 
0.976800 
0.968800 
0.974400 
0.983200 
0.984800 
0.987200 
0.979200 
0.980000 
0.984800 
0.970400 
0.980800 
0.976000 
0.983200 
0.981600 
0.982400 
0.976800 
0.980800 
0.976000 
0.977600 
0.978400 
0.978400 
0.976800 
0.978400 
0.984800 
0.977600 
0.977600 
0.972000 
0.973600 
0.971200 
0.980800 
0.984000 
0.974400 
0.977600 
0.981600 
0.980000 
0.979200 
0.980000 
0.980800 
0.976800 
0.980800 
0.976800 
0.976800 
0.979200 
0.977600 
0.982400 
0.980000 
0.979200 
0.983200 
0.979200 
0.981600 
0.981600 
0.979200 
0.976800 
0.985600 
0.985600 
0.980000 
0.977600 
0.983200 
0.981600 
0.981600 
0.982400 
0.970400 
0.972000 
0.982400 
0.984800 
0.980800 
0.976800 
0.984000 
0.988000 
0.982400 
0.977600 
0.973600 
0.980000 
0.979200 
0.979200 
0.981600 
0.976800 
0.987200 
0.982400 
0.979200 
0.980000 
0.983200 
0.975200 
0.974400 
0.980000 
0.981600 
0.979200 
0.965600 
0.969600 
0.964800 
0.969600 
0.968800 
0.976800 
0.971200 
0.976800 
0.972000 
0.974400 
0.972000 
0.979200 
0.983200 
0.979200 
0.975200 
0.981600 
0.977600 
0.972800 
0.968000 
0.967200 
0.973600 
0.976800 
0.983200 
0.977600 
0.981600 
0.984000 
0.985600 
0.980800 
0.983200 
0.984800 
0.984800 
0.985600 
0.983200 
0.982400 
0.981600 
0.978400 
0.978400 
0.976800 
0.973600 
0.977600 
0.984000 
0.980000 
0.969600 
0.978400 
0.977600 
0.981600 
0.967200 
0.968000 
0.970400 
0.968800 
0.980000 
0.982400 
0.980000 
0.974400 
0.972800 
0.983200 
0.984000 
0.980800 
0.983200 
0.979200 
0.976000 
0.976800 
0.976800 
0.967200 
0.980000 
0.977600 
0.982400 
0.984000 
0.983200 
0.985600 
0.983200 
0.980000 
0.982400 
0.980800 
0.979200 
0.978400 
0.977600 
0.981600 
0.983200 
0.980800 
0.980000 
0.981600 
0.988000 
0.984000 
0.981600 
0.988000 
0.994400 
0.988800 
0.978400 
0.972800 
0.980800 
0.973600 
0.972000 
0.971200 
0.976000 
0.980800 
0.992800 
0.987200 
