1.000000 0.998400
1.200000 0.998400
1.400000 0.992000
1.600000 0.989600
1.800000 0.968800
2.000000 0.942400
2.200000 0.849600
2.400000 0.711200
2.600000 0.536000
2.800000 0.471200
3.000000 0.412800
3.200000 0.170400
3.400000 0.224800
3.600000 0.212000
3.800000 0.157600
4.000000 0.096000
4.200000 0.129600
4.400000 0.062400
4.600000 0.064800
4.800000 0.068000
1.000000 -0.997600
1.200000 -0.995200
1.400000 -0.992000
1.600000 -0.983200
1.800000 -0.962400
2.000000 -0.898400
2.200000 -0.851200
2.400000 -0.774400
2.600000 -0.551200
2.800000 -0.437600
3.000000 -0.288000
3.200000 -0.195200
3.400000 -0.172800
3.600000 -0.122400
3.800000 -0.197600
4.000000 -0.103200
4.200000 -0.108800
4.400000 -0.079200
4.600000 -0.020000
4.800000 -0.026400
1.000000 -0.015200
1.200000 -0.069600
1.400000 0.169600
1.600000 0.032000
1.800000 0.083200
2.000000 -0.036000
2.200000 0.036000
2.400000 -0.044800
2.600000 -0.011200
2.800000 -0.100800
3.000000 0.040000
3.200000 0.078400
3.400000 0.128800
3.600000 0.020000
3.800000 0.047200
4.000000 -0.038400
4.200000 0.021600
4.400000 -0.051200
4.600000 0.036000
4.800000 0.096000
